8.036333964752043357e+01,8.031446117176932376e+01,8.028421029525708263e+01,8.026381858240054612e+01,8.024920560492502375e+01,8.023829841489441606e+01,8.022995205953637310e+01,8.022348030024596710e+01,8.021843253258361983e+01,8.021449399796576074e+01,8.018854400260255488e+01,8.018842004824590219e+01,8.018814839335955469e+01,8.018783454337960848e+01,8.018745401855508703e+01,8.018690272483500792e+01,8.018600950713721431e+01,8.018452892973296287e+01,8.018212068273223281e+01
8.036015121626624591e+01,8.031124784769886560e+01,8.028099101563539364e+01,8.026059759655247206e+01,8.024598145413254713e+01,8.023506752967273314e+01,8.022671027536912902e+01,8.022022352114591115e+01,8.021515702772175871e+01,8.021119656343915949e+01,8.018518182191148469e+01,8.018503613160972066e+01,8.018474046167028746e+01,8.018440173956267358e+01,8.018399689294830068e+01,8.018342343391185523e+01,8.018251219852729150e+01,8.018102034139420198e+01,8.017861100050387790e+01
8.035467080956883024e+01,8.030618174008793630e+01,8.027618730598258878e+01,8.025597203245557409e+01,8.024148192810729086e+01,8.023065877960689818e+01,8.022236673434275644e+01,8.021592573224342004e+01,8.021088977480391691e+01,8.020694778938678837e+01,8.018111723103467625e+01,8.018095631379593158e+01,8.018064522833873298e+01,8.018029096893602059e+01,8.017987169523101443e+01,8.017928701742545172e+01,8.017837075894320265e+01,8.017688417311501325e+01,8.017449598280967393e+01
8.034768789808619260e+01,8.029990328531496857e+01,8.027034852688407796e+01,8.025043021335430637e+01,8.023615151474645302e+01,8.022548358938229285e+01,8.021730707808029592e+01,8.021095202072675079e+01,8.020597921799715380e+01,8.020208249273933632e+01,8.017659910185933825e+01,8.017642750750368918e+01,8.017610689533424306e+01,8.017574344499260519e+01,8.017531643656128892e+01,8.017472790214692679e+01,8.017381530528216160e+01,8.017234498503898976e+01,8.016999264669698277e+01
8.034013357973509528e+01,8.029316889903384435e+01,8.026412432741412317e+01,8.024455023067648085e+01,8.023051691763393478e+01,8.022002991001789951e+01,8.021198904746724168e+01,8.020573605448345234e+01,8.020083954447585484e+01,8.019699892133185415e+01,8.017192640065717057e+01,8.017174628684354332e+01,8.017141880631311324e+01,8.017104898014571290e+01,8.017061716157093088e+01,8.017002792382402276e+01,8.016912261427511055e+01,8.016767302705358134e+01,8.016536237294371858e+01
8.033272038038239771e+01,8.028655551417026004e+01,8.025800877151765178e+01,8.023877060317973076e+01,8.022497675411258911e+01,8.021466625053787425e+01,8.020675765935186519e+01,8.020060410846988930e+01,8.019578184013791144e+01,8.019199571122229031e+01,8.016732139408291857e+01,8.016713289834001444e+01,8.016679855764381557e+01,8.016642230241437517e+01,8.016598556155904021e+01,8.016539541321992601e+01,8.016449702130431376e+01,8.016306753466531632e+01,8.016079752806174952e+01
8.032577853514793276e+01,8.028033167080822352e+01,8.025223267312766495e+01,8.023329685224263130e+01,8.021971837933818961e+01,8.020956626606181317e+01,8.020177588940819646e+01,8.019571064968879170e+01,8.019095368812233460e+01,8.018721481503183668e+01,8.016289113753822448e+01,8.016269353946236720e+01,8.016235119956786548e+01,8.016196721322707219e+01,8.016152410923325533e+01,8.016093136169433819e+01,8.016003773923517883e+01,8.015862542724660500e+01,8.015639191477141878e+01
8.031939306257845601e+01,8.027456610846653007e+01,8.024685481344872073e+01,8.022818107946308430e+01,8.021478909335266394e+01,8.020477363094832413e+01,8.019708458074330792e+01,8.019109426038728827e+01,8.018639183648417657e+01,8.018269147569120037e+01,8.015866179522893731e+01,8.015845411272762533e+01,8.015810230107715029e+01,8.015770892487999788e+01,8.015725764295046929e+01,8.015666019829174616e+01,8.015576871609050613e+01,8.015437004529947274e+01,8.015216806210575839e+01
8.031353752899583753e+01,8.026923713451253661e+01,8.024185639299479078e+01,8.022340642136055067e+01,8.021017342008090623e+01,8.020027391238204473e+01,8.019267011073912954e+01,8.018674196046227109e+01,8.018208382204781515e+01,8.017841365012699839e+01,8.015462410818568628e+01,8.015440540138270364e+01,8.015404271375001599e+01,8.015363836812828424e+01,8.015317718189096752e+01,8.015257304607250433e+01,8.015168120657982342e+01,8.015029282154374357e+01,8.014811765352051509e+01
8.030821408806144746e+01,8.026434736675223292e+01,8.023724029627052801e+01,8.021897593620003875e+01,8.020587454433388075e+01,8.019607039607744525e+01,8.018853585122343475e+01,8.018265719883152087e+01,8.017803316504235056e+01,8.017438492594966704e+01,8.015078185017739543e+01,8.015055122805674159e+01,8.015017631054922731e+01,8.014975946623293623e+01,8.014928669851059340e+01,8.014867392463119700e+01,8.014777927432771776e+01,8.014639785924148896e+01,8.014424482586528597e+01
8.030326634440110922e+01,8.025976883131838235e+01,8.023289593533203856e+01,8.021479069195297029e+01,8.020180190154290756e+01,8.019207882091276929e+01,8.018460244650155744e+01,8.017876451921996761e+01,8.017416755488756053e+01,8.017053555656451636e+01,8.014708157532834321e+01,8.014683848243551267e+01,8.014645045632218512e+01,8.014602011081154842e+01,8.014553465309973035e+01,8.014491193982055961e+01,8.014401281678171074e+01,8.014263609766602769e+01,8.014050195787326913e+01
8.029865076855917039e+01,8.025546720569052184e+01,8.022879460134186047e+01,8.021082573941777127e+01,8.019793324630175846e+01,8.018827898817549737e+01,8.018085130316130460e+01,8.017504661822343337e+01,8.017047074333373757e+01,8.016685016828157018e+01,8.014351307168544736e+01,8.014325713123615458e+01,8.014285533951944274e+01,8.014241072636191632e+01,8.014191171571783912e+01,8.014127802531285738e+01,8.014037306767205848e+01,8.013899913523889040e+01,8.013688111740214026e+01
8.029424653108593191e+01,8.025134397722831636e+01,8.022485143154675313e+01,8.020700536761015087e+01,8.019419943971681164e+01,8.018460671326477041e+01,8.017722209605274486e+01,8.017144624286541443e+01,8.016688796006516782e+01,8.016327601859745755e+01,8.014003640626806657e+01,8.013976752211684129e+01,8.013935169821479576e+01,8.013889248143394184e+01,8.013837951699315454e+01,8.013773433172781324e+01,8.013682280827084981e+01,8.013545057426520657e+01,8.013334703102569279e+01
8.028995333186517769e+01,8.024731735393085330e+01,8.022099595558297835e+01,8.020326669750498638e+01,8.019054305453272491e+01,8.018100867877538462e+01,8.017366470936369183e+01,8.016791582581168996e+01,8.016337369711020244e+01,8.015976928149608227e+01,8.013661842068474073e+01,8.013633672500424154e+01,8.013590692277398375e+01,8.013543312063789870e+01,8.013490618225313256e+01,8.013424941321898132e+01,8.013333111323537139e+01,8.013196016750377737e+01,8.012987038057416100e+01
8.028567971257713509e+01,8.024331450007937860e+01,8.021716670687590067e+01,8.019955588149213099e+01,8.018691572174550686e+01,8.017744065922624941e+01,8.017013816238781487e+01,8.016441698785358483e+01,8.015989169684384308e+01,8.015629545144867052e+01,8.013323531109664088e+01,8.013294124747351077e+01,8.013249792528668536e+01,8.013200999316580919e+01,8.013146951996260725e+01,8.013080157712576579e+01,8.012987686637652018e+01,8.012850751118941162e+01,8.012643169377207641e+01
8.028132808513670682e+01,8.023925494202217124e+01,8.021329369479839499e+01,8.019580996138026308e+01,8.018325953070728929e+01,8.017384854270582650e+01,8.016659129418252405e+01,8.016090090777871069e+01,8.015639501906478870e+01,8.015280911483195325e+01,8.012985174009236289e+01,8.012954590386728171e+01,8.012908976198491473e+01,8.012858843197273018e+01,8.012803516809591997e+01,8.012735681603096793e+01,8.012642650697735291e+01,8.012505964761369626e+01,8.012299886314039554e+01
8.027681487786951209e+01,8.023507098693650619e+01,8.020931893627476938e+01,8.019197746473184907e+01,8.017952768717918843e+01,8.017018906567824388e+01,8.016298359646421545e+01,8.015732927566274668e+01,8.015284713560585317e+01,8.014927520394071792e+01,8.012644201835395563e+01,8.012612520074328870e+01,8.012565722072106666e+01,8.012514353835312875e+01,8.012457856487911556e+01,8.012389094497160613e+01,8.012295630173507277e+01,8.012159342359011305e+01,8.011954952030333743e+01
8.027200834644355609e+01,8.023065685036596051e+01,8.020515251013158320e+01,8.018797910526254213e+01,8.017564855037352345e+01,8.016639636457112772e+01,8.015925372284698369e+01,8.015364435898666784e+01,8.014919325296003194e+01,8.014564134424301756e+01,8.012296917857915446e+01,8.012264252471504733e+01,8.012216418438748633e+01,8.012163974472154848e+01,8.012106472921516342e+01,8.012036963045406424e+01,8.011943267977602545e+01,8.011807622911122451e+01,8.011605233317951047e+01
8.026686888691706656e+01,8.022597920529017301e+01,8.020076494677223877e+01,8.018378800455558064e+01,8.017159709986940186e+01,8.016244681254161719e+01,8.015537912273869381e+01,8.014982445333720307e+01,8.014541233946155785e+01,8.014188704241814776e+01,8.011941674725566997e+01,8.011908139678187979e+01,8.011859420969327061e+01,8.011806066152863082e+01,8.011747734008396549e+01,8.011677664295925183e+01,8.011583954287330300e+01,8.011449216268091789e+01,8.011249169882529486e+01
8.026132998707991817e+01,8.022098409523333373e+01,8.019610997251365347e+01,8.017936304256667768e+01,8.016733591952502991e+01,8.015830578892001768e+01,8.015132735672429476e+01,8.014583885924403717e+01,8.014147510529960527e+01,8.013798416348593889e+01,8.011576426354892533e+01,8.011542148455204426e+01,8.011492716697061667e+01,8.011438639104696335e+01,8.011379675252045729e+01,8.011309262306494361e+01,8.011215787688986723e+01,8.011082265689834969e+01,8.010884965763780485e+01
8.025524980693647592e+01,8.021555763528590433e+01,8.019109079270450025e+01,8.017461888575127205e+01,8.016278791727509656e+01,8.015390243052915764e+01,8.014703243294552237e+01,8.014162548280972942e+01,8.013732262726595934e+01,8.013387639439311272e+01,8.011197221169831550e+01,8.011162363791919461e+01,8.011112442993577076e+01,8.011057889062706749e+01,8.010998554823198958e+01,8.010928084246228309e+01,8.010835176602188312e+01,8.010703281933744790e+01,8.010509267769428732e+01
8.024868525846343914e+01,8.020974484145469319e+01,8.018574516957377796e+01,8.016958843826232339e+01,8.015798250402977487e+01,8.014926350489986362e+01,8.014251904675316496e+01,8.013720735545845741e+01,8.013297657709179589e+01,8.012958428119969767e+01,8.010805422295892697e+01,8.010770128704533022e+01,8.010719916519883554e+01,8.010665104075732756e+01,8.010605630661729037e+01,8.010535355413456671e+01,8.010443308809173857e+01,8.010313406762932686e+01,8.010123157955125350e+01
8.024168494109912331e+01,8.020358507901731571e+01,8.018010682932688837e+01,8.016430164858751084e+01,8.015294691563053675e+01,8.014441420175035091e+01,8.013781079195989321e+01,8.013260679830489153e+01,8.012845824490017321e+01,8.012512826934602117e+01,8.010402600981291243e+01,8.010366996435239173e+01,8.010316669496634745e+01,8.010261794594472917e+01,8.010202390740079181e+01,8.010132539348050784e+01,8.010041619202516472e+01,8.009914038878153519e+01,8.009727986617730267e+01
8.023442276081519253e+01,8.019722008430417759e+01,8.017429783222719664e+01,8.015886738435774816e+01,8.014778054496341042e+01,8.013944677061661537e+01,8.013299435245301083e+01,8.012790606400682236e+01,8.012384630158823029e+01,8.012058410345306925e+01,8.009994615426430187e+01,8.009958771742878980e+01,8.009908441126646039e+01,8.009853630725039864e+01,8.009794432981406942e+01,8.009725154479846765e+01,8.009635531550824794e+01,8.009510480566056856e+01,8.009328891369277414e+01
8.022748483442026668e+01,8.019112532954805772e+01,8.016872596707489151e+01,8.015364804129251297e+01,8.014281316902537355e+01,8.013466637320375696e+01,8.012835568551462018e+01,8.012337579272468702e+01,8.011939897925482512e+01,8.011619985165032176e+01,8.009600089697124758e+01,8.009563910095593542e+01,8.009513468972784267e+01,8.009458615813137783e+01,8.009399513980017105e+01,8.009330685336706779e+01,8.009242207655339030e+01,8.009119482091116993e+01,8.008942068217912436e+01
8.022207129769202538e+01,8.018627414191195157e+01,8.016422579554108552e+01,8.014938510453242770e+01,8.013871938244894011e+01,8.013069712023002467e+01,8.012447950995067458e+01,8.011956928005122336e+01,8.011564411367321270e+01,8.011248249043073599e+01,8.009256956609439726e+01,8.009220005057041192e+01,8.009168903974399711e+01,8.009113423526062547e+01,8.009053803895986334e+01,8.008984746633107932e+01,8.008896603373571565e+01,8.008775159378758701e+01,8.008600502246609665e+01
8.022071511633022567e+01,8.018472192910122942e+01,8.016256053145211524e+01,8.014764579589440530e+01,8.013692555866491318e+01,8.012885909116411653e+01,8.012260297559670619e+01,8.011765753359549080e+01,8.011369913438231549e+01,8.011050556462441818e+01,8.009045726754837347e+01,8.009006854542498388e+01,8.008953614787972697e+01,8.008895920886210718e+01,8.008834113074547645e+01,8.008762982527485974e+01,8.008672978395092912e+01,8.008550005367712288e+01,8.008374305491224732e+01
8.022699677082221115e+01,8.018937471744087020e+01,8.016622360867117436e+01,8.015064683044558080e+01,8.013944956876858328e+01,8.013102010919412521e+01,8.012447685146227627e+01,8.011929797453429103e+01,8.011514585729099736e+01,8.011178897328652226e+01,8.009080390785686632e+01,8.009037457922997305e+01,8.008979300494257814e+01,8.008916402393751355e+01,8.008849252062421442e+01,8.008772563402429512e+01,8.008676552964963946e+01,8.008546748215444211e+01,8.008362844001362646e+01
8.022414780182469940e+01,8.018662585182431712e+01,8.016354265471829876e+01,8.014801315694822392e+01,8.013684861287646299e+01,8.012844088043593160e+01,8.012191068868230559e+01,8.011673787845097650e+01,8.011258611986148992e+01,8.010922495797171905e+01,8.008827003503563446e+01,8.008782662899655236e+01,8.008723013165233340e+01,8.008658591424247675e+01,8.008589973596318146e+01,8.008511994112484444e+01,8.008415030463174844e+01,8.008284825739710300e+01,8.008101365540694871e+01
8.021832839865052733e+01,8.018147354059038889e+01,8.015880501921267864e+01,8.014355535394395247e+01,8.013259066271714914e+01,8.012433083290110858e+01,8.011791220771149824e+01,8.011282409289532325e+01,8.010873645670623944e+01,8.010542331609791233e+01,8.008481549516095299e+01,8.008436691572555333e+01,8.008376693303297600e+01,8.008311974983921289e+01,8.008243179333298656e+01,8.008165325087551878e+01,8.008069078245537753e+01,8.007940589918968044e+01,8.007760408499629534e+01
8.021173026611108980e+01,8.017569606830144835e+01,8.015353610001712070e+01,8.013862922107192333e+01,8.012790965082162131e+01,8.011983193708405793e+01,8.011355163549764313e+01,8.010856962717929264e+01,8.010456353024314069e+01,8.010131274931976009e+01,8.008113715052363091e+01,8.008068610330744264e+01,8.008008600831682600e+01,8.007943944156248506e+01,8.007875343748752073e+01,8.007798018923928396e+01,8.007702957203088090e+01,8.007576767640172477e+01,8.007400632058894985e+01
8.020522123349456933e+01,8.016999819537375060e+01,8.014834089604900669e+01,8.013377284813421397e+01,8.012329558944543351e+01,8.011539792915840508e+01,8.010925441284342696e+01,8.010437736162410260e+01,8.010045195286221542e+01,8.009726291393586450e+01,8.007751294315362145e+01,8.007705973933131816e+01,8.007645976818878353e+01,8.007581401321755266e+01,8.007513011375230860e+01,8.007436224383963008e+01,8.007342345025689667e+01,8.007218433871499030e+01,8.007046297156766457e+01
8.019913733344196771e+01,8.016465244274127144e+01,8.014345306739807029e+01,8.012919382757608844e+01,8.011893733602076395e+01,8.011120352590691596e+01,8.010518422206891387e+01,8.010040217570733034e+01,8.009654947130417213e+01,8.009341571246881131e+01,8.007404910931892061e+01,8.007359309995510444e+01,8.007299224203524091e+01,8.007234615244266251e+01,8.007166309632927437e+01,8.007089913191572350e+01,8.006997029007791866e+01,8.006875141063235901e+01,8.006706640329494462e+01
8.019354642878512607e+01,8.015971347955586168e+01,8.013891920696376303e+01,8.012493333194723277e+01,8.011487216400456646e+01,8.010728305380510506e+01,8.010137308562130443e+01,8.009667424925189039e+01,8.009288476781364352e+01,8.008979859571840620e+01,8.007076578429149549e+01,8.007030609129489562e+01,8.006970305057788551e+01,8.006905517755308210e+01,8.006837138925226327e+01,8.006760951732067610e+01,8.006668836095190045e+01,8.006548667024240729e+01,8.006383374504432027e+01
8.018845718563333946e+01,8.015518837334840896e+01,8.013474539651949158e+01,8.012099677832257782e+01,8.011110501104452908e+01,8.010364108774690806e+01,8.009782529480659719e+01,8.009319764704586930e+01,8.008946172349715198e+01,8.008641529428228978e+01,8.006766584412744692e+01,8.006720155866879907e+01,8.006659500330896151e+01,8.006594386144398356e+01,8.006525772851270517e+01,8.006449609711182802e+01,8.006358031566604438e+01,8.006239271579946148e+01,8.006076752340371172e+01
8.018384397054580859e+01,8.015105635460513156e+01,8.013091383623600450e+01,8.011736835594766148e+01,8.010762149439216273e+01,8.010026432188151091e+01,8.009452838351283788e+01,8.008996057246345401e+01,8.008626908390507992e+01,8.008325499777463108e+01,8.006474126780992151e+01,8.006427154620138253e+01,8.006366023388322617e+01,8.006300443636396835e+01,8.006231445201696317e+01,8.006155132749039183e+01,8.006063875264612761e+01,8.005946232902165605e+01,8.005786076875440926e+01
8.017970466954737674e+01,8.014731646890894012e+01,8.012742426598087775e+01,8.011404826579757810e+01,8.010442214776017522e+01,8.009715354567099155e+01,8.009148334711964878e+01,8.008696419240705211e+01,8.008330816258742857e+01,8.008031914764690384e+01,8.006199411691973467e+01,8.006151816583783898e+01,8.006090091031853717e+01,8.006023912812587184e+01,8.005954384369297827e+01,8.005877755074661195e+01,8.005786607352442275e+01,8.005669797331229631e+01,8.005511601088376494e+01
8.017594595554048453e+01,8.014389247206509026e+01,8.012421089788355744e+01,8.011097773385776577e+01,8.010145323503712689e+01,8.009425882074441461e+01,8.008864320512358859e+01,8.008416387993230501e+01,8.008053623338041405e+01,8.007756656899643133e+01,8.005939297495750395e+01,8.005891021703918398e+01,8.005828612979470904e+01,8.005761736063674050e+01,8.005691567700607436e+01,8.005614493300397783e+01,8.005523292056129492e+01,8.005407091139746001e+01,8.005250536342471435e+01
8.017249830616421491e+01,8.014072775112354918e+01,8.012122501911341033e+01,8.010811334638313497e+01,8.009867514958241941e+01,8.009154341190303228e+01,8.008597346059188737e+01,8.008152692111158899e+01,8.007792202444808538e+01,8.007496716897193778e+01,8.005691511603487243e+01,8.005642514652242880e+01,8.005579357327215462e+01,8.005511707074509786e+01,8.005440816136692206e+01,8.005363198776740319e+01,8.005271817276295110e+01,8.005156049432251564e+01,8.005000881984770444e+01
8.016930405850703778e+01,8.013777552698117290e+01,8.011842650931104970e+01,8.010541944919040702e+01,8.009605544671819644e+01,8.008897729657759612e+01,8.008344598069872688e+01,8.007902669039054899e+01,8.007544013127194660e+01,8.007249654327296184e+01,8.005454234674395764e+01,8.005404491448993554e+01,8.005340540663520699e+01,8.005272064814064947e+01,8.005200392387877173e+01,8.005122160524621222e+01,8.005030503371060036e+01,8.004915032653192952e+01,8.004761052567212687e+01
8.016630504980820149e+01,8.013498861241194504e+01,8.011577489686651177e+01,8.010286007536285524e+01,8.009356139689043630e+01,8.008653018845814131e+01,8.008103238544273950e+01,8.007663632829782330e+01,8.007306492619173355e+01,8.007013007330384369e+01,8.005225632582069295e+01,8.005175133352270223e+01,8.005110364911108434e+01,8.005041033711701459e+01,8.004968544764750504e+01,8.004889653320387310e+01,8.004797656636408476e+01,8.004682387414592881e+01,8.004529449116982676e+01
8.016344396808010231e+01,8.013232058980054262e+01,8.011323042957201324e+01,8.010039994371248895e+01,8.009116093250813151e+01,8.008417244592445172e+01,8.007870492684047292e+01,8.007432959813736773e+01,8.007077139772246710e+01,8.006784375211374538e+01,8.005003929374144889e+01,8.004952679891719924e+01,8.004887090370917235e+01,8.004816896685188965e+01,8.004743580158675798e+01,8.004664010558884968e+01,8.004571641917465286e+01,8.004456518630627215e+01,8.004304530440215615e+01
8.016066313969172086e+01,8.012972532632046807e+01,8.011075402799858125e+01,8.009800470451283161e+01,8.008882310543619099e+01,8.008187569291641239e+01,8.007643724182041467e+01,8.007208174926415722e+01,8.006853610853276848e+01,8.006561522523688268e+01,8.004787552847378151e+01,8.004735577608194319e+01,8.004669188023082427e+01,8.004598151117400562e+01,8.004524023691780599e+01,8.004443787538981780e+01,8.004351049503978288e+01,8.004236060037490574e+01,8.004084987355280134e+01
8.015789157383228769e+01,8.012714446121532319e+01,8.010829507179255415e+01,8.009562893281362506e+01,8.008650622241836459e+01,8.007960104738234008e+01,8.007419263499332374e+01,8.006985782285764230e+01,8.006632549867717330e+01,8.006341207064576793e+01,8.004573994680086457e+01,8.004521331588304633e+01,8.004454182660825268e+01,8.004382343803821698e+01,8.004307445971845425e+01,8.004226582005331636e+01,8.004133510631538684e+01,8.004018687288829881e+01,8.003868557330430633e+01
8.015507234810900172e+01,8.012453180679237619e+01,8.010581394349935636e+01,8.009323741929725315e+01,8.008417824263662510e+01,8.007731886010100197e+01,8.007194332336575826e+01,8.006763152463089739e+01,8.006411448000767450e+01,8.006121018828312685e+01,8.004361472042981518e+01,8.004308172846181435e+01,8.004240324653309813e+01,8.004167746459761190e+01,8.004092141507749147e+01,8.004010713830980706e+01,8.003917375471812079e+01,8.003802789397596484e+01,8.003653681885407423e+01
8.015214885800348554e+01,8.012184143180044771e+01,8.010327124494597228e+01,8.009079514920462373e+01,8.008180730218447252e+01,8.007499964551176674e+01,8.006966167730780626e+01,8.006537670548942742e+01,8.006187810295779173e+01,8.005898561127472135e+01,8.004148218578561114e+01,8.004094348151079430e+01,8.004025879559679879e+01,8.003952645522049636e+01,8.003876419116627972e+01,8.003794516804505577e+01,8.003701007707169879e+01,8.003586768430524501e+01,8.003438815035957532e+01
8.014906487371524690e+01,8.011902770727230916e+01,8.010062783644386286e+01,8.008826733712606938e+01,8.007936174569067589e+01,8.007261411095547032e+01,8.006732024795161351e+01,8.006306738744325457e+01,8.005959158127481601e+01,8.005671452967786195e+01,8.003932487870476109e+01,8.003878123315763560e+01,8.003809131281819589e+01,8.003735345190040107e+01,8.003658604869069393e+01,8.003576341489748813e+01,8.003482787306806756e+01,8.003369042195184591e+01,8.003222425878169588e+01
8.014576470761973326e+01,8.011604544200987732e+01,8.009784495282869443e+01,8.008561953005036571e+01,8.007681022006055116e+01,8.007013324340704230e+01,8.006489184844106433e+01,8.006067784050512159e+01,8.005723036537702342e+01,8.005437336096181866e+01,8.003712554902486431e+01,8.003657784981305667e+01,8.003588384051073490e+01,8.003514169546215840e+01,8.003437044299226955e+01,8.003354557490021648e+01,8.003261112811902933e+01,8.003148046510784752e+01,8.003003000797315281e+01
8.014219359316480507e+01,8.011285018954328052e+01,8.009488446656422411e+01,8.008281784110675972e+01,8.007412188714494050e+01,8.006752850624336304e+01,8.006234973832837909e+01,8.005818275720253041e+01,8.005477030887382739e+01,8.005193890997406925e+01,8.003486722901695316e+01,8.003431647856015729e+01,8.003361969883883376e+01,8.003287470130595693e+01,8.003210110034264346e+01,8.003127561081339536e+01,8.003034408914592746e+01,8.002922242659504093e+01,8.002779050694061880e+01
8.013826355053949158e+01,8.010937118801933821e+01,8.009168614994757718e+01,8.007980911032566951e+01,8.007124867042770688e+01,8.006475566517013931e+01,8.005965268777671895e+01,8.005554331119427047e+01,8.005217453968676011e+01,8.004937591250779860e+01,8.003252498482466137e+01,8.003197241057169720e+01,8.003127450014881106e+01,8.003052843877686939e+01,8.002975437130959335e+01,8.002893029398464364e+01,8.002800402285072323e+01,8.002689419729307474e+01,8.002548447705548540e+01
8.013395168289986259e+01,8.010558920596922405e+01,8.008823302835293134e+01,8.007657788133261079e+01,8.006817620370591726e+01,8.006180117288047882e+01,8.005678778301513887e+01,8.005274708784303073e+01,8.004943104097776541e+01,8.004667267092499117e+01,8.003008940196363596e+01,8.002953623928959814e+01,8.002883886745851783e+01,8.002809356922054462e+01,8.002732096259653360e+01,8.002650038815845335e+01,8.002558177113803595e+01,8.002448673268395396e+01,8.002310304306520550e+01
8.012921699572143552e+01,8.010147093889665371e+01,8.008449651071617836e+01,8.007309872834666464e+01,8.006488133771389926e+01,8.005864359908061090e+01,8.005373493542472829e+01,8.004977506892385009e+01,8.004652166173309524e+01,8.004381174456074177e+01,8.002754767397786395e+01,8.002699524526988739e+01,8.002630021107358971e+01,8.002555764863112131e+01,8.002478858698485453e+01,8.002397378137995076e+01,8.002306543210653444e+01,8.002198840088564680e+01,8.002063493891668600e+01
8.012402855145124647e+01,8.009699126117232026e+01,8.008045503644038376e+01,8.006935248610409417e+01,8.006134663063622270e+01,8.005526680378376625e+01,8.005047902147667571e+01,8.004661294215674161e+01,8.004343274722575075e+01,8.004078001752193927e+01,8.002489027831845192e+01,8.002433996477569167e+01,8.002364916063228861e+01,8.002291141329405377e+01,8.002214809640418025e+01,8.002134145533128162e+01,8.002044614325741634e+01,8.001939053985965700e+01,8.001807177423668804e+01
8.011837310576242999e+01,8.009213940277113863e+01,8.007609935878537044e+01,8.006533093378030230e+01,8.005756460098503169e+01,8.005166386463804429e+01,8.004701355580391464e+01,8.004325457123471210e+01,8.004015844426632498e+01,8.003757186876214291e+01,8.002211328847999994e+01,8.002156648256496396e+01,8.002088183095051477e+01,8.002015101593099189e+01,8.001939568643578582e+01,8.001859965485120085e+01,8.001772020951827358e+01,8.001668953268062978e+01,8.001541003878912761e+01
8.011226271617090333e+01,8.008692512656509166e+01,8.007143784534478925e+01,8.006104150684157617e+01,8.005354201619539367e+01,8.004784104594618555e+01,8.004334441080921181e+01,8.003970551642734677e+01,8.003670406059150366e+01,8.003419239936249596e+01,8.001922078972984309e+01,8.001867882651025354e+01,8.001800218895419903e+01,8.001728036280252354e+01,8.001653520201799097e+01,8.001575215909053895e+01,8.001489133354715477e+01,8.001388898588261611e+01,8.001265321097143612e+01
8.010573878183177499e+01,8.008138201041880677e+01,8.006649929524554921e+01,8.005650980185383503e+01,8.004930217264475800e+01,8.004381990889312704e+01,8.003949179431089078e+01,8.003598490642454522e+01,8.003308785094316136e+01,8.003065914835551098e+01,8.001622617100058221e+01,8.001569024749376524e+01,8.001502331832986670e+01,8.001431236213461773e+01,8.001357936897014156e+01,8.001281149459671838e+01,8.001197180719002233e+01,8.001100089358980938e+01,8.000981288537344938e+01
8.009886250356220216e+01,8.007555970716315130e+01,8.006132630008133333e+01,8.005177367575331004e+01,8.004487952547565044e+01,8.003963234173943420e+01,8.003548559210550195e+01,8.003212103003048128e+01,8.002933681057538706e+01,8.002699805154064450e+01,8.001314907312443836e+01,8.001262019656013535e+01,8.001196443317120099e+01,8.001126597661792061e+01,8.001054688715673535e+01,8.000979607313928454e+01,8.000897970206146681e+01,8.000804289515626522e+01,8.000690612054577855e+01
8.009168339347701249e+01,8.006949838463712865e+01,8.005595331478498622e+01,8.004686375322458503e+01,8.004030194754000149e+01,8.003530414097903645e+01,8.003134998092025398e+01,8.002813677223571176e+01,8.002547277820137595e+01,8.002323009069809245e+01,8.001000519630265728e+01,8.000948423894253381e+01,8.000884092019612126e+01,8.000815639955547454e+01,8.000745274517896632e+01,8.000672065678180900e+01,8.000592951064095359e+01,8.000502913837145513e+01,8.000394659909746053e+01
8.008418991001092024e+01,8.006318864952780245e+01,8.005037227091384011e+01,8.004177285904455630e+01,8.003556290772428383e+01,8.003082926278919729e+01,8.002707929786841135e+01,8.002402677447230417e+01,8.002149064211577922e+01,8.001935035654236117e+01,8.000678986455965003e+01,8.000627782966870427e+01,8.000564834657885172e+01,8.000497929620222237e+01,8.000429269741285054e+01,8.000358108582445027e+01,8.000281716283271294e+01,8.000195565504816386e+01,8.000093047830404203e+01
8.007617304053745499e+01,8.005646102803883934e+01,8.004443792268969560e+01,8.003637201557813796e+01,8.003054512912657970e+01,8.002609926726560730e+01,8.002257200306644336e+01,8.001969500481425257e+01,8.001729883617680628e+01,8.001527094426849374e+01,8.000343413594214326e+01,8.000293296076125671e+01,8.000231972129533631e+01,8.000166869333654063e+01,8.000100179393055555e+01,8.000031349424774874e+01,7.999958003232205783e+01,7.999876135231011176e+01,7.999779868422047002e+01
8.006845126953626846e+01,8.004997991305738481e+01,8.003872028374189540e+01,8.003116788533090187e+01,8.002570972369338165e+01,8.002154087659499737e+01,8.001822797860488379e+01,8.001551993165099930e+01,8.001325847781257039e+01,8.001133875624989855e+01,8.000019673499349437e+01,7.999970616516822020e+01,7.999910865445679065e+01,7.999847503058070686e+01,7.999782712397895068e+01,7.999716127504237306e+01,7.999645712923991425e+01,7.999567965419677762e+01,7.999477711992980744e+01
8.006148984679683167e+01,8.004412289695170557e+01,8.003354323581638141e+01,8.002644828754665696e+01,8.002131857567948714e+01,8.001739639094995482e+01,8.001427423701088060e+01,8.001171636813580790e+01,8.000957449315714598e+01,8.000775061664523946e+01,7.999722504658400624e+01,7.999674349571822063e+01,7.999615947359015422e+01,7.999554078369069998e+01,7.999490921961398726e+01,7.999426282845429625e+01,7.999358433963125492e+01,7.999284325684530472e+01,7.999199420126561222e+01
8.005537998370603248e+01,8.003896410454670729e+01,8.002897041518885146e+01,8.002226980802038270e+01,8.001742319659055624e+01,8.001371348826106100e+01,8.001075546272056727e+01,8.000832660947270369e+01,8.000628724091507138e+01,8.000454529739441512e+01,7.999454838381328159e+01,7.999407398307019434e+01,7.999350085729005855e+01,7.999289425936878217e+01,7.999227600156568485e+01,7.999164565609731881e+01,7.999098867515463951e+01,7.999027855457531189e+01,7.998947549810867486e+01
8.005006433700567925e+01,8.003445703963188862e+01,8.002496195261377920e+01,8.001859701841740957e+01,8.001399134756569254e+01,8.001046233565926968e+01,8.000764369942942267e+01,8.000532419571574394e+01,8.000337147304824725e+01,8.000169854301444161e+01,7.999214878697951292e+01,7.999167980653473364e+01,7.999111517967608620e+01,7.999051804715512048e+01,7.998991029027439481e+01,7.998929283656818257e+01,7.998865352428953202e+01,7.998796933472898729e+01,7.998720533856581483e+01
8.004544806621433395e+01,8.003052474524527327e+01,8.002145183396417849e+01,8.001537124514317156e+01,8.001096963061576162e+01,8.000759351679411679e+01,8.000489263745890867e+01,8.000266529517347180e+01,8.000078536530099882e+01,7.999917017361462968e+01,7.998999630744333444e+01,7.998953126757955090e+01,7.998897307828565317e+01,7.998838315048880077e+01,7.998778347718459258e+01,7.998717619099716103e+01,7.998655121957096981e+01,7.998588858367705257e+01,7.998515759127181468e+01
8.004143871176850666e+01,8.002709218369884070e+01,8.001837568585160909e+01,8.001253527022100798e+01,8.000830597114625675e+01,8.000505883935578311e+01,8.000245711393390025e+01,8.000030716151957222e+01,7.999848812912313178e+01,7.999692100438535647e+01,7.998806170054822928e+01,7.998759936932695780e+01,7.998704588659290948e+01,7.998646126140953072e+01,7.998586763375213593e+01,7.998526821016687904e+01,7.998465474995498425e+01,7.998400992636734941e+01,7.998330673848278138e+01
8.003795590710544161e+01,8.002409412579086734e+01,8.001567754686877265e+01,8.001003935145814694e+01,8.000595509779539327e+01,8.000281640682848661e+01,8.000029786592611458e+01,7.999821263269984684e+01,7.999644430454164024e+01,7.999491696967251642e+01,7.998631952986184501e+01,7.998585889207362243e+01,7.998530867297304781e+01,7.998472776058882516e+01,7.998413847076932370e+01,7.998354496940123681e+01,7.998294062347792988e+01,7.998231042287073933e+01,7.998163058404594494e+01
8.003493102501418832e+01,8.002147486660561526e+01,8.001330962500250621e+01,8.000784100740966664e+01,8.000387834701055567e+01,8.000083043776862723e+01,7.999838136115999987e+01,7.999634997070330655e+01,7.999462360725476628e+01,7.999312897605079797e+01,7.998474806670044757e+01,7.998428829281829167e+01,7.998374014082688177e+01,7.998316161835012394e+01,7.998257524056454315e+01,7.998198603223107739e+01,7.998138877286740467e+01,7.998077047670517459e+01,7.998011016558299957e+01
8.003230444265975052e+01,8.001918600690240169e+01,8.001123039476516396e+01,8.000590332620009804e+01,8.000204212396532455e+01,7.999906984150143785e+01,7.999667846323296772e+01,7.999469159819125252e+01,7.999299972310873841e+01,7.999153174417979528e+01,7.998332842892111216e+01,7.998286885103107124e+01,7.998232178388634850e+01,7.998174456041851954e+01,7.998115991385594725e+01,7.998057363960123212e+01,7.997998175950175437e+01,7.997937305769642080e+01,7.997872900290708742e+01
8.003002288740751169e+01,8.001718429946143374e+01,8.000940274976446176e+01,8.000419332349781598e+01,8.000041640815842925e+01,7.999750683511479110e+01,7.999516313554670432e+01,7.999321287176712758e+01,7.999154913752629170e+01,7.999010268423751313e+01,7.998204374314084930e+01,7.998158383781751013e+01,7.998103706473490604e+01,7.998046025665848902e+01,7.997987637931385052e+01,7.997929192143423904e+01,7.997870399926378582e+01,7.997810294610900428e+01,7.997747236680785932e+01
8.002803743115165958e+01,8.001543002155540307e+01,8.000779260655085068e+01,8.000268070158273304e+01,7.999897362403071099e+01,7.999611589827463831e+01,7.999381146181329427e+01,7.999189115487133961e+01,7.999025025085538232e+01,7.998882104604632559e+01,7.998087851170043905e+01,7.998041788811724473e+01,7.997987079408858335e+01,7.997929370804200744e+01,7.997870983871590056e+01,7.997812630084382590e+01,7.997754117753513015e+01,7.997694616142848645e+01,7.997632672644868990e+01
8.002630210715685166e+01,8.001388585260491482e+01,8.000636794185743383e+01,8.000133699362123707e+01,7.999768786216748140e+01,7.999487305248914026e+01,7.999260097061176111e+01,7.999070517847965789e+01,7.998908276833816444e+01,7.998766733301388854e+01,7.997981817696444296e+01,7.997935656854079411e+01,7.997880870344241089e+01,7.997823082457848898e+01,7.997764639048332924e+01,7.997706308388873708e+01,7.997647984636621743e+01,7.997588956902103519e+01,7.997527936885715860e+01
8.002477298959706786e+01,8.001251612734810692e+01,8.000509815197783325e+01,8.000013499428403918e+01,7.999653436111043447e+01,7.999375538155049981e+01,7.999151018597754614e+01,7.998963461573120526e+01,7.998802729421350932e+01,7.998662291218403197e+01,7.997884883196527994e+01,7.997838609029963663e+01,7.997783716116882147e+01,7.997725814489274399e+01,7.997667275295802369e+01,7.997608918698104219e+01,7.997550715681555289e+01,7.997492061879923142e+01,7.997431814612625089e+01
8.002340758555334332e+01,8.001128634258151351e+01,8.000395362968794188e+01,7.999904838372195570e+01,7.999548916514326891e+01,7.999274071483586113e+01,7.999051833060802608e+01,7.998865980100649153e+01,7.998706506365516589e+01,7.998566975671793955e+01,7.997795702981858312e+01,7.997749312009479183e+01,7.997694298545980018e+01,7.997636265143788137e+01,7.997577608205320132e+01,7.997519195724365204e+01,7.997461068255407213e+01,7.997402717298825792e+01,7.997343130882858020e+01
8.002216442603963742e+01,8.001016282539555391e+01,8.000290547968552346e+01,7.999805147466338440e+01,7.999452889413686307e+01,7.999180741431287345e+01,7.998960512625333763e+01,7.998776154099881808e+01,7.998617776249088251e+01,7.998479027269249286e+01,7.997712965620132763e+01,7.997666465351110787e+01,7.997611331905881116e+01,7.997553164672285675e+01,7.997494384909418841e+01,7.997435905215695584e+01,7.997377830167560830e+01,7.997319739073975597e+01,7.997260739442242539e+01
8.002100278136848033e+01,8.000911250227063931e+01,8.000192532054906280e+01,7.999711903640736921e+01,7.999363058336165011e+01,7.999093422629846373e+01,7.998875065479774094e+01,7.998692098322419497e+01,7.998534740172637214e+01,7.998396717854708982e+01,7.997635384122730784e+01,7.997588792746492459e+01,7.997533554259753430e+01,7.997475266765221136e+01,7.997416375624766260e+01,7.997357835622345590e+01,7.997299811485805776e+01,7.997241964822323723e+01,7.997183514997207965e+01
8.001988245025509627e+01,8.000810272797345135e+01,8.000098513796422139e+01,7.999622616436134592e+01,7.999277156476320272e+01,7.999010017157644370e+01,7.998793525527420911e+01,7.998611951853840196e+01,7.998455622453111857e+01,7.998318341572795021e+01,7.997561689523701034e+01,7.997515035631762714e+01,7.997459721129074239e+01,7.997401342290834236e+01,7.997342367466637825e+01,7.997283791998322044e+01,7.997225838545219290e+01,7.997168248010916614e+01,7.997110347555175736e+01
8.001876359030580943e+01,8.000710114795454331e+01,8.000005716667517675e+01,7.999534817511130314e+01,7.999192937145251392e+01,7.998928445700755674e+01,7.998713944102672713e+01,7.998533870272919444e+01,7.998378663140994149e+01,7.998242207679683702e+01,7.997490625867888525e+01,7.997443948187159890e+01,7.997388600528216784e+01,7.997330174377353273e+01,7.997271159586070155e+01,7.997212591204015553e+01,7.997154749231088999e+01,7.997097453347348051e+01,7.997040137962760298e+01
8.001760656465702937e+01,8.000607557379774448e+01,7.999911378357603553e+01,7.999446051137731217e+01,7.999108165118819613e+01,7.998846639545394055e+01,7.998634382466001114e+01,7.998456018548040447e+01,7.998302111241443413e+01,7.998166634030366140e+01,7.997420946336580982e+01,7.997374293406414836e+01,7.997318969021362989e+01,7.997260554477287542e+01,7.997201559255665870e+01,7.997143058026333051e+01,7.997085389152169910e+01,7.997028453030426931e+01,7.996971794271564704e+01
8.001637178466687317e+01,8.000499385537442265e+01,7.999812739796512062e+01,7.999353864441688700e+01,7.999020607753608658e+01,7.998762532353762822e+01,7.998552904096416682e+01,7.998376563740434619e+01,7.998224217751763376e+01,7.998089940389306207e+01,7.997351410891567980e+01,7.997304840527421277e+01,7.997249609026673056e+01,7.997191279594358093e+01,7.997132379050694340e+01,7.997074022339110400e+01,7.997016608804135274e+01,7.996960123947846455e+01,7.996904229008211473e+01
8.001501952945858420e+01,8.000382373411669334e+01,7.999707032554813679e+01,7.999255796197533641e+01,7.998928024785155344e+01,7.998674050722156892e+01,7.998467565841163207e+01,7.998293666627380105e+01,7.998143227667236488e+01,7.998010440750451266e+01,7.997280783974171925e+01,7.997234362445374245e+01,7.997179306057523718e+01,7.997121149415508512e+01,7.997062433911523271e+01,7.997004316126617596e+01,7.996947260585129413e+01,7.996891344716722472e+01,7.996836356285126612e+01
8.001350971286262848e+01,8.000253265349604703e+01,7.999591462567806843e+01,7.999149362353702486e+01,7.998828155150233954e+01,7.998579101982221573e+01,7.998376406482310585e+01,7.998205470879391044e+01,7.998057369654429749e+01,7.997926433415749159e+01,7.997207818549414071e+01,7.997161620652374836e+01,7.997106834335470182e+01,7.997048952460153259e+01,7.996990527743933797e+01,7.996932760484644120e+01,7.996876186176548629e+01,7.996820983455074838e+01,7.996767080007205664e+01
8.001180155047435960e+01,8.000108748829944716e+01,7.999463186887149391e+01,7.999032035356424331e+01,7.998718698163250451e+01,7.998475556777080442e+01,7.998277430406677979e+01,7.998110087603143370e+01,7.997964841300102989e+01,7.997836186824750371e+01,7.997131240480510428e+01,7.997085350193037812e+01,7.997030942213510230e+01,7.996973451897068230e+01,7.996915439580996576e+01,7.996858152105446038e+01,7.996802203354468475e+01,7.996747884953009589e+01,7.996695281473884620e+01
8.000985305191957764e+01,7.999945413184643428e+01,7.999319278237301489e+01,7.998901212630461544e+01,7.998597284821181574e+01,7.998361222501712575e+01,7.998168582713353203e+01,7.998005571779171419e+01,7.997863786628205673e+01,7.997737917954715670e+01,7.997049736218309590e+01,7.997004247119889442e+01,7.996950339550937770e+01,7.996893372915525333e+01,7.996835911002246178e+01,7.996779250790295634e+01,7.996724093653580212e+01,7.996670858568529638e+01,7.996619807625435783e+01
8.000762020623102444e+01,7.999759683385980225e+01,7.999156668167925943e+01,7.998754166027923418e+01,7.998461431785860043e+01,7.998233800709250829e+01,7.998047709293243202e+01,7.997889884476316524e+01,7.997752260044966022e+01,7.997629757682858553e+01,7.996961935978815461e+01,7.996916951013383823e+01,7.996863679900924637e+01,7.996807384755504700e+01,7.996750628118044801e+01,7.996694761483644243e+01,7.996640584556305953e+01,7.996588660711461216e+01,7.996539454013712600e+01
8.000505560026034857e+01,7.999547707771972682e+01,7.998972050667826750e+01,7.998587956123611775e+01,7.998308463365754051e+01,7.998090814900308487e+01,7.997912489154035143e+01,7.997760828795324528e+01,7.997628165214865703e+01,7.997509692066617504e+01,7.996866364217711975e+01,7.996821996383354758e+01,7.996769512799258450e+01,7.996714053829802538e+01,7.996658175491094767e+01,7.996603289009246396e+01,7.996550305128721448e+01,7.996499951558323005e+01,7.996452922908960659e+01
8.000210595480773179e+01,7.999305157848905878e+01,7.998761710313260664e+01,7.998399279413655449e+01,7.998135372423332967e+01,7.997929481785590156e+01,7.997760313767705043e+01,7.997615935669466580e+01,7.997489146090838119e+01,7.997375457658839082e+01,7.996761350292125314e+01,7.996717725085368045e+01,7.996666197837697609e+01,7.996611759334841452e+01,7.996556953217998398e+01,7.996503256641669566e+01,7.996451706229686351e+01,7.996403217220243675e+01,7.996358747981503257e+01
7.999870749509821621e+01,7.999026852163760282e+01,7.998521199412240890e+01,7.998184181256280567e+01,7.997938559073978126e+01,7.997746469440980377e+01,7.997588060415648670e+01,7.997452249332530982e+01,7.997332382207683565e+01,7.997224344850826583e+01,7.996644881460986198e+01,7.996602140591966190e+01,7.996551760606811854e+01,7.996498550996695087e+01,7.996445036569394915e+01,7.996392767824919190e+01,7.996342924680584474e+01,7.996296637024703102e+01,7.996255165758503836e+01
7.999477672188459110e+01,7.998706006538910174e+01,7.998244694445781988e+01,7.997937483678522597e+01,7.997713309838675855e+01,7.997537415244721615e+01,7.997391640407506941e+01,7.997265899702311742e+01,7.997154180649405930e+01,7.997052805885994076e+01,7.996514312783241962e+01,7.996472620139950038e+01,7.996423607974908521e+01,7.996371867793038746e+01,7.996319898368284385e+01,7.996269332595804258e+01,7.996221514491847415e+01,7.996177820868255992e+01,7.996139861233386625e+01
7.999019086705740733e+01,7.998332646294949200e+01,7.997923633219186001e+01,7.997651573660638746e+01,7.997452694668933759e+01,7.997295905036372687e+01,7.997165042364215992e+01,7.997051196837730913e+01,7.996949111978919689e+01,7.996855624770380189e+01,7.996365746886156955e+01,7.996325299834418843e+01,7.996277920234317094e+01,7.996227937695931587e+01,7.996177816724348020e+01,7.996129284089705891e+01,7.996083873720348834e+01,7.996043249216006643e+01,7.996009425511687141e+01
7.998474452026314907e+01,7.997890082569688275e+01,7.997543690333486666e+01,7.997313714002281415e+01,7.997145119132318314e+01,7.997011207579150494e+01,7.996898208990145918e+01,7.996798621279540953e+01,7.996708092619003594e+01,7.996624075066671367e+01,7.996192655009144801e+01,7.996153707777834541e+01,7.996108300027812277e+01,7.996060443589436773e+01,7.996012558787036539e+01,7.995966481843093732e+01,7.995923970813802839e+01,7.995887028671586449e+01,7.995858150593545588e+01
7.997805342393670003e+01,7.997347096151742107e+01,7.997078068045505006e+01,7.996900078085057828e+01,7.996768894439733799e+01,7.996663248905444732e+01,7.996572327094516197e+01,7.996490365998396044e+01,7.996414130971632517e+01,7.996341833303932845e+01,7.995982817489891659e+01,7.995945731424984615e+01,7.995902774785403722e+01,7.995857563419809821e+01,7.995812460466717653e+01,7.995769434872768500e+01,7.995730518773567042e+01,7.995698130909906354e+01,7.995675355195066913e+01
7.996937045241587327e+01,7.996642984697962220e+01,7.996474660400623691e+01,7.996364336798156103e+01,7.996281848255486580e+01,7.996212996593229150e+01,7.996150815796514166e+01,7.996091806591050499e+01,7.996034188258406061e+01,7.995977159904194309e+01,7.995712469766326080e+01,7.995677815024313873e+01,7.995638061292025611e+01,7.995596306889655125e+01,7.995554838769591299e+01,7.995515796832226840e+01,7.995481567824828062e+01,7.995455108917468579e+01,7.995440266688672182e+01
7.995747150110490509e+01,7.995678281212695993e+01,7.995648081585534328e+01,7.995630568515376524e+01,7.995614869700247596e+01,7.995596484788651992e+01,7.995573726528614600e+01,7.995546200666905179e+01,7.995514120620242693e+01,7.995478040195827418e+01,7.995342662303491466e+01,7.995311351835617586e+01,7.995275999752921336e+01,7.995238994299481305e+01,7.995202517378123730e+01,7.995168942495315889e+01,7.995141141507490090e+01,7.995122808272572001e+01,7.995118832877881232e+01
7.994200292915971318e+01,7.994424206644198705e+01,7.994573607432269569e+01,7.994676780146841111e+01,7.994747933739220969e+01,7.994795176575505025e+01,7.994823685122555901e+01,7.994837102552153851e+01,7.994838235225205381e+01,7.994829398381166641e+01,7.994862064282352776e+01,7.994835114875883164e+01,7.994805495450162880e+01,7.994774671458861803e+01,7.994744688045668113e+01,7.994718221803191227e+01,7.994698774177471989e+01,7.994690995096931374e+01,7.994701128822930514e+01
7.992931586592300164e+01,7.993396704490378113e+01,7.993694082935998324e+01,7.993896702966502232e+01,7.994039435670933358e+01,7.994140777577550239e+01,7.994211560008179163e+01,7.994258752085019637e+01,7.994287295743919231e+01,7.994300956490698695e+01,7.994472409843157834e+01,7.994449084765055602e+01,7.994424227021329443e+01,7.994398537267547056e+01,7.994373944064018644e+01,7.994353369602197290e+01,7.994340829113818359e+01,7.994341753863199074e+01,7.994363495325495705e+01
7.991982107003686053e+01,7.992629219167848476e+01,7.993038252854093173e+01,7.993315916218205075e+01,7.993512673611193975e+01,7.993654861138426782e+01,7.993757576991596636e+01,7.993830299162097219e+01,7.993879579862650075e+01,7.993910277506215323e+01,7.994186808912046160e+01,7.994166262667549461e+01,7.994145050786973172e+01,7.994123291768750050e+01,7.994102821738927389e+01,7.994086743473120293e+01,7.994079454223520997e+01,7.994086967555965373e+01,7.994117460784482887e+01
7.991273805434187238e+01,7.992058393849175957e+01,7.992551762655789105e+01,7.992886109756723556e+01,7.993123684327451883e+01,7.993296746416794463e+01,7.993423617429216677e+01,7.993515669634699350e+01,7.993580670277111722e+01,7.993624301701707680e+01,7.993980523150669626e+01,7.993962129474995493e+01,7.993943733740664470e+01,7.993925009795144376e+01,7.993907719458664474e+01,7.993895097057023236e+01,7.993891822550232007e+01,7.993904341830949534e+01,7.993941446065015555e+01
7.990728644383158041e+01,7.991620809716677343e+01,7.992180158416080360e+01,7.992558851996865599e+01,7.992828368505530534e+01,7.993025605807837053e+01,7.993171407552381424e+01,7.993278627328800212e+01,7.993355981716555902e+01,7.993409796089525798e+01,7.993828636612965965e+01,7.993811984218480404e+01,7.993795856744792161e+01,7.993779575690101069e+01,7.993764840536471183e+01,7.993754983896415922e+01,7.993754901279129399e+01,7.993771369562007578e+01,7.993813650565380158e+01
7.990303420874214169e+01,7.991281371310503800e+01,7.991893317319959067e+01,7.992307360946283268e+01,7.992602347676346142e+01,7.992818876193196331e+01,7.992979801488299074e+01,7.993099157341973182e+01,7.993186415822950153e+01,7.993248413265094143e+01,7.993717420244492189e+01,7.993702217609794047e+01,7.993687967442016884e+01,7.993673706046726579e+01,7.993661079050259843e+01,7.993653492759835899e+01,7.993656008814431857e+01,7.993675660584942477e+01,7.993722075330111920e+01
7.989969137534707500e+01,7.991016521164343089e+01,7.991671018896154521e+01,7.992113658271026111e+01,7.992429256689678141e+01,7.992661410889746776e+01,7.992834603841293983e+01,7.992963823428931391e+01,7.993059151580212074e+01,7.993127836293130883e+01,7.993637659008932417e+01,7.993623694844133354e+01,7.993611036234176481e+01,7.993598484546851068e+01,7.993587637675486235e+01,7.993581956830188062e+01,7.993586632242369205e+01,7.993608897270925695e+01,7.993658664845746387e+01
7.989706116749314901e+01,7.990810272190600472e+01,7.991499540182095984e+01,7.991965542388903998e+01,7.992297988622777893e+01,7.992542929816440278e+01,7.992726180078651055e+01,7.992863506228441395e+01,7.992965487135411706e+01,7.993039705403263895e+01,7.993583099136381520e+01,7.993570216507819737e+01,7.993558935029287227e+01,7.993547859901138963e+01,7.993538545797058248e+01,7.993534493962040699e+01,7.993540993732314348e+01,7.993565434138815817e+01,7.993617951260230825e+01
7.989500678051233251e+01,7.990651509045326861e+01,7.991369339668987948e+01,7.991854529390502648e+01,7.992200820554407414e+01,7.992456284871451544e+01,7.992647830890757632e+01,7.992791864587232453e+01,7.992899371595879643e+01,7.992978207525290202e+01,7.993549392294242750e+01,7.993537472000414823e+01,7.993527402762614997e+01,7.993517624394755217e+01,7.993509651737078059e+01,7.993507013924264015e+01,7.993515075498703482e+01,7.993541345312007707e+01,7.993596132044562808e+01
7.989342990700933456e+01,7.990532243801681034e+01,7.991273560181707580e+01,7.991774521992036284e+01,7.992132201992906460e+01,7.992396338595818861e+01,7.992594741299220118e+01,7.992744340882511267e+01,7.992856455908304270e+01,7.992939164494492843e+01,7.993533413205719285e+01,7.993522363118628959e+01,7.993513376792151348e+01,7.993504753688878850e+01,7.993497971388066503e+01,7.993496576722162672e+01,7.993505989552221536e+01,7.993533808774091654e+01,7.993590473720482237e+01
7.989225705218699147e+01,7.990446504280494366e+01,7.991207074720955461e+01,7.991720961203287743e+01,7.992087982681245251e+01,7.992359249484916006e+01,7.992563310864370862e+01,7.992717527057412497e+01,7.992833487929013359e+01,7.992919451911822648e+01,7.993532824800942649e+01,7.993522573003949105e+01,7.993514566819324330e+01,7.993506986094526212e+01,7.993501273110254601e+01,7.993500983661621717e+01,7.993511576036372901e+01,7.993540713935055919e+01,7.993598931813752984e+01
7.989143081348757391e+01,7.990389625619862102e+01,7.991165878394674849e+01,7.991690285692496332e+01,7.992064920479270995e+01,7.992342016517119418e+01,7.992550726825204777e+01,7.992708760593627915e+01,7.992827926900662305e+01,7.992916628781834731e+01,7.993545801148319185e+01,7.993536291487963297e+01,7.993529183398874238e+01,7.993522554490616017e+01,7.993517813229252056e+01,7.993518516772570592e+01,7.993530147279966513e+01,7.993560411557736245e+01,7.993619908664405216e+01
7.989090430165541079e+01,7.990357797034890552e+01,7.991146699380436758e+01,7.991679585889600901e+01,7.992060366507105584e+01,7.992342187743069815e+01,7.992554690993210897e+01,7.992715866013149650e+01,7.992837696793118596e+01,7.992928700553795807e+01,7.993570850226987545e+01,7.993562039404699249e+01,7.993555764273567377e+01,7.993550014836382900e+01,7.993546166836010514e+01,7.993547772118660077e+01,7.993560324066345402e+01,7.993591553781079995e+01,7.993652098489849323e+01
7.989063755788194499e+01,7.990347770738355848e+01,7.991146749076403921e+01,7.991686381842505682e+01,7.992072062935700671e+01,7.992357673133096796e+01,7.992573244355541817e+01,7.992736988863208580e+01,7.992861027891277104e+01,7.992953966938554800e+01,7.993606700128790976e+01,7.993598555779669823e+01,7.993593062860668397e+01,7.993588136055244320e+01,7.993585119138930395e+01,7.993587552759611015e+01,7.993600930495637158e+01,7.993632991392894382e+01,7.993694387892497843e+01
7.989059524517925581e+01,7.990356674383089342e+01,7.991163561111908109e+01,7.991708480078168009e+01,7.992098012691909048e+01,7.992386623983657046e+01,7.992604654057038260e+01,7.992770488742304735e+01,7.992896354720819829e+01,7.992990923848897467e+01,7.993652225801848488e+01,7.993644725204087820e+01,7.993639976454331020e+01,7.993635829134373694e+01,7.993633595506697986e+01,7.993636799830159134e+01,7.993650926284753666e+01,7.993683707681296369e+01,7.993745791794121658e+01
7.989076343037147865e+01,7.990383456689941966e+01,7.991196292901805975e+01,7.991745177956802593e+01,7.992137614076348484e+01,7.992428515394674093e+01,7.992648455880558345e+01,7.992815950670593850e+01,7.992943303051296766e+01,7.993039231293151659e+01,7.993707283705776945e+01,7.993700412457121729e+01,7.993696379862970502e+01,7.993692979444359992e+01,7.993691492116205666e+01,7.993695420733700985e+01,7.993710230989761101e+01,7.993743636087248206e+01,7.993806260419849252e+01
7.989108736415793999e+01,7.990423592942663333e+01,7.991241004268613324e+01,7.991792928574133725e+01,7.992187603029404386e+01,7.992480296493080516e+01,7.992701764759596017e+01,7.992870621171307732e+01,7.992999225278511233e+01,7.993096327630807707e+01,7.993769857969792270e+01,7.993763612359398962e+01,7.993760282919772919e+01,7.993757613249213989e+01,7.993756852765019971e+01,7.993761479061930686e+01,7.993776932525085499e+01,7.993810896780850328e+01,7.993873958921751921e+01
7.989153733587522765e+01,7.990474663917765952e+01,7.991295614866432118e+01,7.991849879420826142e+01,7.992246291013717041e+01,7.992540402592760529e+01,7.992763112679385529e+01,7.992933109342453690e+01,7.993062792953205076e+01,7.993160935539079048e+01,7.993838989092030545e+01,7.993833373161659495e+01,7.993830744214507433e+01,7.993828800323115047e+01,7.993828759004517792e+01,7.993834069317617264e+01,7.993850140722628339e+01,7.993884619122884772e+01,7.993948042970606593e+01
7.989208559525243913e+01,7.990534413487392840e+01,7.991358187169004168e+01,7.991914307163776243e+01,7.992312108859096043e+01,7.992607380990870070e+01,7.992831137876090963e+01,7.993002125995164420e+01,7.993132775701326409e+01,7.993231872829431950e+01,7.993913794389521854e+01,7.993908819555389300e+01,7.993906898269375461e+01,7.993905685824239526e+01,7.993906367187372553e+01,7.993912360144784657e+01,7.993929038732925108e+01,7.993964004684937663e+01,7.994027738880242850e+01
7.989270507897495577e+01,7.990600641307709395e+01,7.991426831511371631e+01,7.991984531007351222e+01,7.992383526102091196e+01,7.992679814795948801e+01,7.992904512137081952e+01,7.993076413687246884e+01,7.993207973433021607e+01,7.993307986397685738e+01,7.993993413515892144e+01,7.993989098316588127e+01,7.993987901396343432e+01,7.993987436398160185e+01,7.993988854845821379e+01,7.993995541036639452e+01,7.994012830174413864e+01,7.994048275031360618e+01,7.994112292328084379e+01
7.989336923625883458e+01,7.990671188647954182e+01,7.991499693927538317e+01,7.992058901879748589e+01,7.992459041142102194e+01,7.992756313817969271e+01,7.992981932262433986e+01,7.993154738641091228e+01,7.993287208629803331e+01,7.993388144815159535e+01,7.994077003109029533e+01,7.994073372982970227e+01,7.994072926425424441e+01,7.994073234964604069e+01,7.994075415541189500e+01,7.994082817257168472e+01,7.994100734142182318e+01,7.994136666840802263e+01,7.994200963629798196e+01
7.989405189368747529e+01,7.990743927408607306e+01,7.991574946723650896e+01,7.992135794051297637e+01,7.992537173611491141e+01,7.992835507506315196e+01,7.993062113446428896e+01,7.993235884478839637e+01,7.993369320366275588e+01,7.993471232585326902e+01,7.994163732656745935e+01,7.994160819740750412e+01,7.994161158629285069e+01,7.994162276686162727e+01,7.994165254881437477e+01,7.994173405914082764e+01,7.994191981348181741e+01,7.994228428133185105e+01,7.994293024084493027e+01
7.989472714196921288e+01,7.990816750918966704e+01,7.991650780577010948e+01,7.992213598108875772e+01,7.992616457980189182e+01,7.992916039029661590e+01,7.993143783729397001e+01,7.993318646970905661e+01,7.993453159299174615e+01,7.993556145329225160e+01,7.994252781113917194e+01,7.994250624051608156e+01,7.994251792375601440e+01,7.994253765653174071e+01,7.994257587243950525e+01,7.994266532725072238e+01,7.994285810941033787e+01,7.994322815159804918e+01,7.994387752961590365e+01
7.989536922971586819e+01,7.990887565301608220e+01,7.991725397121605567e+01,7.992290714362133031e+01,7.992695437552563931e+01,7.992996559719722427e+01,7.993225678789765709e+01,7.993401829106838363e+01,7.993537582963669763e+01,7.993641785266811439e+01,7.994343333921875683e+01,7.994341977663012244e+01,7.994344028148613290e+01,7.994346911926099608e+01,7.994351632844285405e+01,7.994361429120381501e+01,7.994381467652040385e+01,7.994419089609931461e+01,7.994484434792278194e+01
7.989593981379726984e+01,7.990953344879963538e+01,7.991796265789895415e+01,7.992364944731714616e+01,7.992772153809563918e+01,7.993075292654759778e+01,7.993306164309220208e+01,7.993483911286169530e+01,7.993621165683512686e+01,7.993726804633502070e+01,7.994434523964361006e+01,7.994434027426196110e+01,7.994437031112011027e+01,7.994440900490712920e+01,7.994446597379845798e+01,7.994457322985962833e+01,7.994478204481752925e+01,7.994516534796046869e+01,7.994582391655877984e+01
7.989641287278567461e+01,7.991011904835988844e+01,7.991861459106878840e+01,7.992434535048271016e+01,7.992844977127859352e+01,7.993150701838190741e+01,7.993383776783468875e+01,7.993563487168015058e+01,7.993702546720493274e+01,7.993809879324489032e+01,7.994525278551748215e+01,7.994525702689330160e+01,7.994529734828360290e+01,7.994534669936257387e+01,7.994541425131686196e+01,7.994553165510440351e+01,7.994574981818247750e+01,7.994614124218581708e+01,7.994680616360790282e+01
7.989676292604383434e+01,7.991061153970400710e+01,7.991919166736492741e+01,7.992497863894791976e+01,7.992912422013068863e+01,7.993221404331492863e+01,7.993457213177961762e+01,7.993639317290771373e+01,7.993780537929092134e+01,7.993889863030504728e+01,7.994614723435402937e+01,7.994616134088782644e+01,7.994621277188043962e+01,7.994627366253575929e+01,7.994635270804005245e+01,7.994648121212419767e+01,7.994670976121857109e+01,7.994711049966151961e+01,7.994778322525449710e+01
7.989696178552918582e+01,7.991098800101931943e+01,7.991967419917268955e+01,7.992553179967494259e+01,7.992972893680752122e+01,7.993285923597068177e+01,7.993525089280333873e+01,7.993710091120044581e+01,7.993853888479026182e+01,7.993965553831822035e+01,7.994701967669166720e+01,7.994704437491910198e+01,7.994710783558468847e+01,7.994718125245697138e+01,7.994727281280859188e+01,7.994741349226291049e+01,7.994765361070656695e+01,7.994806504272577286e+01,7.994874727390725866e+01
7.989697978361608932e+01,7.991122430680749744e+01,7.992004146486813454e+01,7.992598639979577513e+01,7.993024713585843699e+01,7.993342705549858351e+01,7.993585948183559253e+01,7.993774429299168105e+01,7.993921281857211625e+01,7.994035686697500864e+01,7.994786072667882593e+01,7.994789681572726181e+01,7.994797332675027235e+01,7.994806036678964745e+01,7.994816558029098985e+01,7.994831963943713049e+01,7.994857266390214079e+01,7.994899636416486999e+01,7.994969006576852166e+01
7.989678504295225991e+01,7.991129453420671780e+01,7.992027119901084120e+01,7.992632263322606434e+01,7.993066078146338782e+01,7.993390080350974358e+01,7.993638224476904952e+01,7.993830849754399992e+01,7.993981303523636939e+01,7.994098902412369512e+01,7.994866040317702982e+01,7.994870875020325229e+01,7.994879943330943206e+01,7.994890130664315109e+01,7.994902143305466780e+01,7.994919021153486938e+01,7.994945764035213642e+01,7.994989539077062091e+01,7.995060280788308660e+01
7.989634251644015706e+01,7.991117018242628944e+01,7.992033892206463008e+01,7.992651872457014406e+01,7.993095004474901089e+01,7.993426212175941714e+01,7.993680197165994628e+01,7.993877723131558355e+01,7.994032398387092542e+01,7.994153706724105746e+01,7.994940784090618990e+01,7.994946937756783711e+01,7.994957545827949730e+01,7.994969349395051950e+01,7.994982992217180140e+01,7.995001490473383399e+01,7.995029841075653110e+01,7.995075221813448252e+01,7.995147590104694757e+01
7.989560285664934725e+01,7.991081131815974459e+01,7.992021048072949441e+01,7.992654440662043669e+01,7.993108745641761459e+01,7.993448565616927226e+01,7.993709496179430118e+01,7.993912811503429339e+01,7.994072435814537414e+01,7.994198057106312660e+01,7.995008830863423555e+01,7.995016408411063935e+01,7.995028695744110792e+01,7.995042267291704263e+01,7.995057699286023478e+01,7.995077988629996923e+01,7.995108140463921131e+01,7.995155360791297028e+01,7.995229655124438750e+01
7.989445280125858062e+01,7.991012681192250966e+01,7.991980832646757449e+01,7.992633125968396257e+01,7.993101117082350981e+01,7.993451453454098043e+01,7.993720823508178341e+01,7.993931128449008838e+01,7.994096682912831398e+01,7.994227429394835838e+01,7.995066960464498607e+01,7.995076099959652538e+01,7.995090250516165042e+01,7.995105790126947909e+01,7.995123221134676328e+01,7.995145527605363611e+01,7.995177738490548336e+01,7.995227112398363545e+01,7.995303737857057058e+01
7.989286757046322407e+01,7.990909538763608566e+01,7.991911335648129011e+01,7.992586164852718866e+01,7.993070460670891464e+01,7.993433296475599548e+01,7.993712660587988239e+01,7.993931202704067118e+01,7.994103705592476672e+01,7.994240418786702662e+01,7.995113943784480171e+01,7.995124786375683357e+01,7.995140987915277719e+01,7.995158699518931655e+01,7.995178343463143733e+01,7.995202898122424529e+01,7.995237432986925796e+01,7.995289285286663983e+01,7.995368663734097936e+01
7.989075040086073898e+01,7.990763836224520844e+01,7.991805799775275432e+01,7.992507547281095981e+01,7.993011304362650549e+01,7.993389029149116709e+01,7.993680259340432315e+01,7.993908539566598392e+01,7.994089214510509578e+01,7.994232904200958956e+01,7.995146694739625559e+01,7.995159408474019358e+01,7.995177883899373228e+01,7.995198009186262311e+01,7.995220119569964368e+01,7.995247196789009081e+01,7.995284371520315858e+01,7.995339091570940582e+01,7.995421731401388854e+01
7.988796666098335209e+01,7.990564626147303784e+01,7.991654823559790088e+01,7.992388911650621708e+01,7.992916035219835180e+01,7.993311604254176927e+01,7.993617014335762860e+01,7.993856886232975967e+01,7.994047242671010167e+01,7.994199152825453325e+01,7.995160917360702513e+01,7.995175708088163447e+01,7.995196729474375275e+01,7.995219562883517028e+01,7.995244448444398699e+01,7.995274382979985717e+01,7.995314584461880258e+01,7.995372651488253268e+01,7.995459181510315716e+01
7.988432235877897369e+01,7.990296134287240193e+01,7.991444860511394666e+01,7.992218209999954581e+01,7.992773684201350193e+01,7.993190868040190367e+01,7.993513408530974118e+01,7.993767233875536249e+01,7.993969193171332677e+01,7.994130905286458244e+01,7.995150420682364256e+01,7.995167548995908646e+01,7.995191459472695783e+01,7.995217371603561674e+01,7.995245420783987811e+01,7.995278634484415647e+01,7.995322351944184902e+01,7.995384374660694959e+01,7.995475597134038992e+01
7.987952617035750791e+01,7.989934671930724619e+01,7.991155567573397889e+01,7.991977349860509605e+01,7.992567779277092654e+01,7.993011572995948200e+01,7.993355150733185610e+01,7.993626054642629697e+01,7.993842156885531836e+01,7.994015759448214453e+01,7.995105908413144391e+01,7.995125717250832054e+01,7.995152966757902391e+01,7.995182442662456879e+01,7.995214163652640593e+01,7.995251209176039708e+01,7.995299085514446347e+01,7.995365867021196493e+01,7.995462844533825830e+01
7.987291530680582241e+01,7.989426398404540919e+01,7.990740747755494056e+01,7.991625275873416001e+01,7.992260967261904625e+01,7.992739163934662372e+01,7.993109871404676881e+01,7.993402724140194948e+01,7.993636924507241304e+01,7.993825666106562267e+01,7.995006446201972494e+01,7.995029467122468247e+01,7.995060750704102759e+01,7.995094538305806964e+01,7.995130714368485769e+01,7.995172444634461328e+01,7.995225474958148482e+01,7.995298263032985631e+01,7.995402652646558295e+01
7.986225369827420195e+01,7.988589542032312352e+01,7.990044342528280197e+01,7.991023227277467811e+01,7.991726942602231532e+01,7.992256748054877846e+01,7.992668029584532974e+01,7.992993570435967854e+01,7.993254581949443605e+01,7.993465610477842631e+01,7.994780957790516140e+01,7.994808351819509085e+01,7.994845183787786880e+01,7.994884909925075078e+01,7.994927244288417967e+01,7.994975517088090555e+01,7.995035876514327811e+01,7.995117410702444261e+01,7.995232866210386646e+01
7.983766371911400483e+01,7.986620731243614557e+01,7.988376346642778003e+01,7.989557476835220484e+01,7.990406907069069575e+01,7.991047039665951957e+01,7.991544762136928171e+01,7.991939611651287123e+01,7.992257125980790988e+01,7.992514779545496140e+01,7.994114330847543215e+01,7.994150012976615471e+01,7.994197500080477425e+01,7.994248647311138711e+01,7.994302879432792963e+01,7.994363962073968821e+01,7.994439005734299997e+01,7.994538577627477594e+01,7.994677527605730916e+01
7.981631169138358928e+01,7.984915701169209967e+01,7.986935289077322864e+01,7.988293900318136309e+01,7.989271226620027733e+01,7.990008230499935848e+01,7.990581893777724076e+01,7.991037678844887182e+01,7.991404917035200128e+01,7.991703648309879782e+01,7.993553304115499714e+01,7.993596399157817700e+01,7.993653396552036838e+01,7.993714734287266310e+01,7.993779571858937061e+01,7.993852044400817647e+01,7.993940091496833134e+01,7.994055558388556904e+01,7.994215114143027279e+01
7.980332077785908496e+01,7.983891082668232286e+01,7.986078971265970949e+01,7.987550715633513221e+01,7.988609613974968227e+01,7.989408489983181028e+01,7.990030767388948618e+01,7.990525682535138685e+01,7.990924977118064021e+01,7.991250315981817209e+01,7.993261089979031908e+01,7.993309294331695014e+01,7.993372792719627284e+01,7.993441088824866370e+01,7.993513144170088935e+01,7.993593297722247826e+01,7.993689979094308740e+01,7.993815798708502030e+01,7.993988519772436518e+01
7.979489868408059294e+01,7.983238633802166362e+01,7.985542745992646019e+01,7.987092587195580506e+01,7.988207831811300252e+01,7.989049521092677253e+01,7.989705533302915796e+01,7.990227707747996533e+01,7.990649443342358893e+01,7.990993517481989272e+01,7.993116944796494749e+01,7.993169015201759464e+01,7.993237388375227681e+01,7.993310896376826236e+01,7.993388339232181750e+01,7.993474169406269425e+01,7.993577121847646083e+01,7.993710292908981785e+01,7.993892145226767809e+01
7.978934578754058293e+01,7.982820204753551252e+01,7.985208007534838259e+01,7.986814053347691811e+01,7.987969881107882486e+01,7.988842475062469362e+01,7.989522926885693721e+01,7.990064947283912034e+01,7.990503121699211420e+01,7.990861019760106387e+01,7.993066806951092929e+01,7.993121978040217357e+01,7.993194221905723396e+01,7.993271862924821392e+01,7.993353562147127889e+01,7.993443828744548796e+01,7.993551587166220429e+01,7.993690244663639533e+01,7.993878715974828708e+01
7.978584776959040425e+01,7.982569713708672055e+01,7.985018104437007480e+01,7.986664805146946833e+01,7.987850019664811896e+01,7.988745061407738035e+01,7.989443354446609646e+01,7.989999961320501143e+01,7.990450319515558419e+01,7.990818563123166030e+01,7.993085186867607206e+01,7.993142929024735110e+01,7.993218344878711434e+01,7.993299367275332656e+01,7.993384533864140451e+01,7.993478369631097280e+01,7.993589905525971062e+01,7.993732734430115272e+01,7.993926046251469586e+01
7.978347781009772177e+01,7.982411643563514758e+01,7.984908074978629600e+01,7.986586983649939953e+01,7.987795503057955671e+01,7.988708400141808852e+01,7.989420953085667065e+01,7.989989294022436184e+01,7.990449530663460109e+01,7.990826237647608821e+01,7.993142005467245781e+01,7.993202040701615374e+01,7.993280259041640079e+01,7.993364264650185191e+01,7.993452479902195762e+01,7.993549422945429228e+01,7.993664185570941072e+01,7.993810477485128274e+01,7.994007666644382937e+01
7.978197916860307259e+01,7.982325113812896689e+01,7.984859985897307411e+01,7.986564638697026908e+01,7.987791809237776874e+01,7.988719048546275303e+01,7.989443123107207612e+01,7.990021018664397445e+01,7.990489373933917250e+01,7.990873109148570563e+01,7.993229075130793149e+01,7.993291197284600003e+01,7.993371942181946110e+01,7.993458633205342778e+01,7.993549583424992022e+01,7.993649286496673767e+01,7.993766859698681060e+01,7.993916076362013712e+01,7.994116407437712724e+01
7.978116506425062937e+01,7.982294932806654231e+01,7.984860789286177862e+01,7.986586164902480789e+01,7.987828371664899407e+01,7.988767225230712654e+01,7.989500696375887401e+01,7.990086456664572268e+01,7.990561567581383429e+01,7.990951221066802646e+01,7.993340437899547624e+01,7.993404493006477196e+01,7.993487556547486861e+01,7.993576708147698184e+01,7.993670155968192148e+01,7.993772355149330622e+01,7.993892420590648840e+01,7.994044147388898125e+01,7.994247050475043181e+01
7.978090132805225210e+01,7.982310187202639895e+01,7.984901111319049960e+01,7.986643224431672650e+01,7.987897598608847716e+01,7.988845902372788998e+01,7.989587085524814825e+01,7.990179372266963753e+01,7.990660160867503237e+01,7.991054856218191560e+01,7.993471812579606706e+01,7.993537684099146645e+01,7.993622907168668235e+01,7.993714346858476461e+01,7.993810109680238440e+01,7.993914600838077433e+01,7.994036910358195769e+01,7.994190821382159129e+01,7.994395845314291194e+01
7.978112908871952413e+01,7.982366158860881455e+01,7.984976951479026752e+01,7.986732299330867590e+01,7.987996319816762991e+01,7.988952172970111576e+01,7.989699589784869715e+01,7.990297230029621289e+01,7.990782753095966484e+01,7.991181725056461005e+01,7.993621580553777051e+01,7.993689172238732965e+01,7.993776421448551162e+01,7.993870004156443088e+01,7.993967927831030806e+01,7.994074537376135936e+01,7.994198877751595944e+01,7.994354689948042392e+01,7.994561439339905462e+01
7.978177910336390255e+01,7.982457263280167581e+01,7.985083548429614098e+01,7.986849182015532733e+01,7.988120726648713799e+01,7.989082530235148738e+01,7.989834938567261702e+01,7.990436948399788264e+01,7.990926416450616898e+01,7.991329026248213552e+01,7.993787710249691258e+01,7.993856947759584841e+01,7.993946117813332819e+01,7.994041728484242526e+01,7.994141690105129783e+01,7.994250278192060932e+01,7.994376475170693652e+01,7.994533953839062690e+01,7.994742096932435516e+01
7.978273372511645789e+01,7.982573813903329096e+01,7.985212495823377310e+01,7.986986328336064389e+01,7.988263895684607974e+01,7.989230519178387624e+01,7.989987041772732823e+01,7.990592727436529685e+01,7.991085585001172831e+01,7.991491384414125321e+01,7.993966019844165771e+01,7.994036855151401255e+01,7.994127876334859195e+01,7.994225438402676787e+01,7.994327355701025795e+01,7.994437827675582753e+01,7.994565761532285819e+01,7.994724743019943958e+01,7.994934045751300289e+01
7.978395755862351280e+01,7.982712930046500333e+01,7.985361318272146036e+01,7.987141535704279249e+01,7.988423820828113264e+01,7.989394282221245192e+01,7.990154157826449932e+01,7.990762918164492135e+01,7.991258684826495085e+01,7.991667287125530095e+01,7.994155375800161778e+01,7.994227770633818864e+01,7.994320585994474015e+01,7.994420036591476730e+01,7.994523841629337824e+01,7.994636118480659093e+01,7.994765687854612679e+01,7.994926031729026761e+01,7.995136291130833683e+01
7.978542006883664328e+01,7.982872126281270653e+01,7.985527879823487751e+01,7.987312903404850317e+01,7.988598770802974514e+01,7.989572216157982609e+01,7.990334783554521891e+01,7.990946097258220959e+01,7.991444357318371772e+01,7.991855428795159355e+01,7.994354799333063966e+01,7.994428723820465166e+01,7.994523287395817590e+01,7.994624575452365889e+01,7.994730212634591737e+01,7.994844228825833454e+01,7.994975348175569252e+01,7.995136934009209995e+01,7.995347973908077677e+01
7.978709470276345428e+01,7.983049241008535546e+01,7.985710322618265877e+01,7.987498778038208513e+01,7.988787239482610403e+01,7.989762926178647717e+01,7.990527611091688698e+01,7.991141026252891777e+01,7.991641420259088591e+01,7.992054673284575017e+01,7.994563438420907175e+01,7.994638869975017315e+01,7.994735145340922600e+01,7.994838230028624082e+01,7.994945654474085472e+01,7.995061356165263078e+01,7.995193953684062649e+01,7.995356678421389063e+01,7.995568345914931285e+01
7.978900364866809980e+01,7.983246276141321118e+01,7.985910511916121379e+01,7.987700932001015985e+01,7.988990932891789498e+01,7.989968069448356403e+01,7.990734261176619668e+01,7.991349298765072717e+01,7.991851447332753366e+01,7.992266580011325061e+01,7.994782730602668153e+01,7.994859651240550136e+01,7.994957605955636382e+01,7.995062450209947258e+01,7.995171620326186712e+01,7.995288955809810716e+01,7.995422959610313285e+01,7.995586716411160921e+01,7.995798849056710367e+01
7.979106660931564932e+01,7.983456510469727618e+01,7.986122534630422365e+01,7.987913997040801917e+01,7.989204874750797103e+01,7.990182964735500093e+01,7.990950281397257982e+01,7.991566643191897867e+01,7.992070311548570771e+01,7.992487138514375999e+01,7.995009416725220319e+01,7.995087820348334162e+01,7.995187439504388749e+01,7.995294025582276731e+01,7.995404920611179023e+01,7.995523862302307805e+01,7.995659231260341926e+01,7.995823955666273264e+01,7.996036452008428341e+01
7.979326326317399776e+01,7.983678282341264776e+01,7.986344957208498840e+01,7.988136693194775262e+01,7.989427895715759576e+01,7.990406526262304965e+01,7.991174651183777655e+01,7.991792090941811466e+01,7.992297086366704661e+01,7.992715456628425841e+01,7.995242818530300610e+01,7.995322704156887994e+01,7.995423979658193048e+01,7.995532297164899660e+01,7.995644904068490177e+01,7.995765432870467748e+01,7.995902135930546706e+01,7.996067776359863899e+01,7.996280552363899119e+01
7.979557592239476094e+01,7.983910151069635219e+01,7.986576540868196616e+01,7.988367917607834556e+01,7.989658990844583286e+01,7.990637823092635017e+01,7.991406497398338615e+01,7.992024815006556082e+01,7.992530982158795894e+01,7.992950775341519432e+01,7.995482366764197479e+01,7.995563738149697031e+01,7.995666668157677748e+01,7.995776713436416117e+01,7.995891026239192456e+01,7.996013130779456901e+01,7.996151145973493612e+01,7.996317662359771816e+01,7.996530649439961280e+01
7.979798763792105376e+01,7.984150736033566886e+01,7.986816098394567121e+01,7.988606613272209245e+01,7.989897196921828026e+01,7.990875962901610308e+01,7.991644983079780218e+01,7.992264022610531526e+01,7.992771241952503658e+01,7.993192367005183030e+01,7.995727515742842684e+01,7.995810381157274094e+01,7.995914969809803097e+01,7.996026745643973754e+01,7.996142765124179164e+01,7.996266441420389981e+01,7.996405755479300126e+01,7.996573118784561984e+01,7.996786263156029406e+01
7.980049694700687724e+01,7.984400100973211067e+01,7.987063819823411848e+01,7.988853054447753266e+01,7.990142849369286182e+01,7.991121328566906357e+01,7.991890529796907572e+01,7.992510168033813045e+01,7.993018348458058142e+01,7.993440739549127727e+01,7.995978900346523233e+01,7.996063278169887667e+01,7.996169541107056489e+01,7.996283062219764304e+01,7.996400801083646570e+01,7.996526056851283215e+01,7.996666667862470490e+01,7.996834860005139944e+01,7.997048118415335693e+01
7.980306206916520750e+01,7.984654700858510523e+01,7.987316551956712374e+01,7.989104352346208771e+01,7.990393249474786330e+01,7.991371364084184847e+01,7.992140691731978563e+01,7.992760891974424453e+01,7.993270010984534224e+01,7.993693656975875683e+01,7.996234648826290936e+01,7.996320560847398440e+01,7.996428519796407386e+01,7.996543807869414877e+01,7.996663286611800459e+01,7.996790139167286782e+01,7.996932058419247369e+01,7.997101080750442748e+01,7.997314439290551036e+01
7.980566327247439062e+01,7.984912892857175848e+01,7.987572855829695584e+01,7.989359205402199393e+01,7.990647194546239973e+01,7.991624941248930725e+01,7.992394398534651145e+01,7.993015169895969052e+01,7.993525241742796084e+01,7.993950161216207562e+01,7.996493995104069086e+01,7.996581466303419461e+01,7.996691147690364687e+01,7.996808229600686957e+01,7.996929474308869601e+01,7.997057947378290521e+01,7.997201194201232965e+01,7.997371058963506130e+01,7.997584519180281859e+01
7.980828527138395145e+01,7.985173431596213334e+01,7.987831660334013861e+01,7.989616659821983546e+01,7.990903815289280487e+01,7.991881254627030273e+01,7.992650894638354941e+01,7.993272286025143103e+01,7.993783357198989847e+01,7.994209595137016322e+01,7.996756448032492415e+01,7.996845507244063356e+01,7.996956942724750661e+01,7.997075851035882010e+01,7.997198893794553953e+01,7.997329017699061637e+01,7.997473619221834440e+01,7.997644348582204543e+01,7.997857925379685184e+01
7.981091308346216806e+01,7.985435096336017580e+01,7.988091915499482809e+01,7.989875780596204891e+01,7.991162259497180287e+01,7.992139514588717475e+01,7.992909439277323713e+01,7.993531538587589580e+01,7.994043687167607004e+01,7.994471314419666896e+01,7.997021526331577945e+01,7.997112206124386091e+01,7.997225432449428695e+01,7.997346205274668307e+01,7.997471084028084931e+01,7.997602895538238954e+01,7.997748886522776957e+01,7.997920512369387325e+01,7.998134233742608501e+01
7.981351832783867906e+01,7.985695798034632276e+01,7.988351989619431492e+01,7.990135242907139457e+01,7.991421423990098560e+01,7.992398786951561362e+01,7.993169232222128073e+01,7.993792236480315694e+01,7.994305631305559245e+01,7.994734795406402839e+01,7.997289155297872298e+01,7.997381506760800107e+01,7.997496583450504204e+01,7.997619283095895071e+01,7.997746060577782146e+01,7.997879622069899597e+01,7.998027064614215931e+01,7.998199649437610503e+01,7.998413579502626192e+01
7.981608218930898602e+01,7.985953801301091914e+01,7.988610240486940484e+01,7.990393468160564794e+01,7.991679775443779477e+01,7.992657571238045477e+01,7.993428796837025629e+01,7.994052920059769463e+01,7.994567741601757405e+01,7.994998597466124579e+01,7.997557977018104225e+01,7.997652045072820215e+01,7.997769025815762234e+01,7.997893708906005372e+01,7.998022442611416238e+01,7.998157812287078627e+01,7.998306766308279236e+01,7.998480373707762681e+01,7.998694582751028292e+01
7.981858972962191956e+01,7.986207874683344698e+01,7.988865598335314644e+01,7.990649495492118604e+01,7.991936431388378992e+01,7.992915044122855761e+01,7.993687355849495191e+01,7.994312848654550407e+01,7.994829306884270181e+01,7.995262033429546022e+01,7.997827461005039140e+01,7.997923293255115595e+01,7.998042235761843699e+01,7.998168963416348731e+01,7.998299715683995714e+01,7.998436957228405220e+01,7.998587489369057835e+01,7.998762191824077661e+01,7.998976762461194312e+01
7.982102567338802146e+01,7.986456773512962570e+01,7.989116992566665942e+01,7.990902371481102762e+01,7.992190522795891638e+01,7.993170400350797422e+01,7.993944153797728802e+01,7.994571306531442190e+01,7.995089643602834428e+01,7.995524446097427074e+01,7.998097118999632471e+01,7.998194766579420900e+01,7.998315733558439433e+01,7.998444572408843101e+01,7.998577411442509799e+01,7.998716595038149535e+01,7.998868779673708218e+01,7.999044659555748638e+01,7.999259687765710680e+01
7.982336420307468927e+01,7.986698455131245566e+01,7.989362711283574470e+01,7.991150606618629126e+01,7.992440720490485262e+01,7.993422432315527715e+01,7.994198078540446772e+01,7.994827258330752784e+01,7.995347779239180852e+01,7.995784915052523445e+01,7.998366353317209132e+01,7.998465876559956200e+01,7.998588942823920434e+01,7.998719972611789331e+01,7.998854980311078577e+01,7.998996190813156204e+01,7.999150118933617648e+01,7.999327278685150588e+01,7.999542886143062503e+01
7.982555269639651385e+01,7.986928769184022769e+01,7.989599286149925206e+01,7.991391191079509326e+01,7.992684345246148325e+01,7.993668711538859384e+01,7.994446898606329910e+01,7.995078631148041381e+01,7.995601770785945916e+01,7.996041605103992822e+01,7.998633993201914905e+01,7.998735472017338566e+01,7.998860737932382392e+01,7.998994066007283266e+01,7.999131353062442429e+01,7.999274706084634090e+01,7.999430503364445144e+01,7.999609087120950335e+01,7.999825448623595037e+01
7.982759822156253904e+01,7.987148100887674218e+01,7.989826907582731508e+01,7.991624184990116930e+01,7.992921362834206889e+01,7.993909131202525487e+01,7.994690448795201121e+01,7.995325211282093392e+01,7.995851363241541776e+01,7.996294225409026524e+01,7.998899553295098031e+01,7.999003055871713741e+01,7.999130608071132542e+01,7.999266327392329856e+01,7.999405989978339448e+01,7.999551586623533694e+01,7.999709364131845746e+01,7.999889501056296126e+01,8.000106775613861032e+01
7.982948087929986514e+01,7.987354829163263048e+01,7.990044181517232857e+01,7.991848347112951956e+01,7.993150642089477742e+01,7.994142643321498554e+01,7.994927746070354146e+01,7.995566067519568776e+01,7.996095667376015115e+01,7.996541921117487561e+01,7.999162405216662819e+01,7.999268003775434011e+01,7.999397935012318328e+01,7.999536145435405388e+01,7.999678287152548251e+01,7.999826236822623571e+01,7.999986115575600820e+01,8.000167947622543352e+01,8.000386311587062949e+01
7.983117995316030147e+01,7.987547266390556899e+01,7.990249656694723512e+01,7.992062385311943729e+01,7.993371005483660952e+01,7.994368156975779982e+01,7.995157767137429516e+01,7.995800230526359087e+01,7.996333757570300804e+01,7.996783802408658914e+01,7.999421894660227395e+01,7.999529665651613186e+01,7.999662075073651124e+01,7.999802883652274943e+01,7.999947615846612337e+01,8.000098036596814666e+01,8.000260147978336533e+01,8.000443830430754133e+01,8.000663478219742331e+01
7.983259548328609867e+01,7.987717465650018767e+01,7.990436644126188526e+01,7.992260456581225014e+01,7.993577219856297233e+01,7.994580901183998378e+01,7.995376103649012123e+01,7.996023583280137359e+01,7.996561754883343554e+01,7.997016187382136820e+01,7.999675574820797408e+01,7.999785627501293561e+01,7.999920658288353081e+01,8.000064220062884601e+01,8.000211704448946648e+01,8.000364768623714440e+01,8.000529305986600548e+01,8.000715069667731427e+01,8.000936293246766695e+01
7.983370489260489933e+01,7.987863480198653576e+01,7.990603390361258107e+01,7.992440938129794858e+01,7.993767756255854806e+01,7.994779417194045834e+01,7.995581350713516144e+01,7.996234762790408013e+01,7.996778329141939423e+01,7.997237771603263923e+01,7.999922309401387110e+01,8.000034754236665435e+01,8.000172551729650650e+01,8.000319024150164182e+01,8.000469425222925679e+01,8.000625308939451941e+01,8.000792471437745235e+01,8.000980556489824380e+01,8.001203662726871357e+01
7.983448969166151699e+01,7.987983727072449369e+01,7.990748477556712714e+01,7.992602523679907733e+01,7.993941388580850571e+01,7.994962538990968426e+01,7.995772388557425359e+01,7.996432685416942832e+01,7.996982425176290121e+01,7.997447522408600662e+01,8.000161204113408076e+01,8.000276153785253541e+01,8.000416866220000145e+01,8.000566409751459673e+01,8.000719895251124569e+01,8.000878778617617115e+01,8.001048770993905634e+01,8.001239425964244845e+01,8.001464734637119136e+01
7.983490017449123854e+01,7.988074159320522938e+01,7.990868427390715567e+01,7.992742117784493416e+01,7.994095297190048655e+01,7.995127655393061161e+01,7.995946768803152338e+01,7.996615032720114868e+01,7.997171829846898561e+01,7.997643312918988556e+01,8.000390663652439116e+01,8.000508244583514283e+01,8.000652038147771350e+01,8.000804832542247880e+01,8.000961590427451142e+01,8.001123675685431635e+01,8.001296728745289499e+01,8.001490235222588865e+01,8.001718110439315979e+01
7.983480065053903729e+01,7.988123825098818998e+01,7.990953897564958197e+01,7.992851461421687986e+01,7.994222003638955698e+01,7.995267878563160480e+01,7.996098065715298731e+01,7.996775748733085720e+01,7.997340787844179033e+01,7.997819635126097637e+01,8.000606704785441536e+01,8.000727084442812043e+01,8.000874178971295692e+01,8.001030461744701938e+01,8.001190740428332049e+01,8.001356295463028800e+01,8.001532716218609664e+01,8.001729450778378805e+01,8.001960382076119060e+01
7.983393782209299161e+01,7.988112207292184053e+01,7.990987332262119480e+01,7.992914992320496026e+01,7.994307382049123589e+01,7.995370169016781858e+01,7.996214089233161815e+01,7.996903322417904292e+01,7.997478339527353342e+01,7.997965982214212488e+01,8.000801602787848310e+01,8.000925023530409419e+01,8.001075736170830055e+01,8.001235849312192272e+01,8.001400006474412407e+01,8.001569418057367500e+01,8.001749652165973714e+01,8.001950165205606424e+01,8.002184872958417827e+01
7.983232605596344911e+01,7.988040285062052703e+01,7.990969433101000163e+01,7.992933226487835441e+01,7.994351814409770896e+01,7.995434806283830653e+01,7.996295037247921300e+01,7.996997884659914746e+01,7.997584559530039883e+01,7.998082380765889354e+01,8.000975071050278586e+01,8.001101765882360439e+01,8.001256400571715233e+01,8.001420671257091044e+01,8.001589049000705245e+01,8.001762687685229025e+01,8.001947163622995163e+01,8.002151986717515797e+01,8.002391169774365665e+01
7.982988811980504806e+01,7.987901767986198820e+01,7.990894792779292288e+01,7.992901351676877653e+01,7.994350917317262883e+01,7.995457731186229466e+01,7.996337103854757800e+01,7.997055831735684706e+01,7.997656008000579675e+01,7.998165525189151026e+01,8.001124617369066527e+01,8.001254842112773247e+01,8.001413731731048529e+01,8.001582517891114321e+01,8.001755490332354270e+01,8.001933761505409848e+01,8.002122948543384950e+01,8.002332664752358937e+01,8.002577090807787386e+01
7.982651852462653608e+01,7.987688088774423534e+01,7.990756064895037980e+01,7.992812843989278804e+01,7.994298759682692435e+01,7.995433460982513907e+01,7.996335156757692175e+01,7.997072311342058981e+01,7.997688059829499707e+01,7.998210976770157288e+01,8.001246934162426783e+01,8.001380976574755266e+01,8.001544494625980519e+01,8.001718197435452851e+01,8.001896183709372679e+01,8.002079541632774351e+01,8.002273966029846974e+01,8.002489229945177840e+01,8.002739761857520762e+01
7.982264960528267750e+01,7.987434652276250802e+01,7.990583836831295628e+01,7.992695048283167125e+01,7.994220352067753765e+01,7.995385243783684359e+01,7.996311069753345180e+01,7.997068102700396253e+01,7.997700609576347119e+01,7.998237907730755580e+01,8.001356668342202738e+01,8.001494712848037238e+01,8.001663093156646767e+01,8.001841962254340501e+01,8.002025221367330232e+01,8.002213942899459198e+01,8.002413918623308575e+01,8.002635111062973294e+01,8.002892238853736728e+01
7.981876764003857261e+01,7.987180177034855433e+01,7.990410733504486984e+01,7.992576487365607818e+01,7.994141258616541279e+01,7.995336400918941422e+01,7.996286404297077866e+01,7.997063353534483099e+01,7.997712649790040018e+01,7.998264354800960518e+01,8.001466073774577126e+01,8.001608125192407783e+01,8.001781373867558500e+01,8.001965415775816837e+01,8.002153954494966115e+01,8.002348046869333587e+01,8.002553582123030651e+01,8.002780713036703730e+01,8.003044449508738012e+01
